"","Electorate","2006Agriculture..forestry.and.fishing","2006Mining","2006Manufacturing","2006Electricity..gas..water.and.waste.services","2006Construction","2006Wholesale.trade","2006Retail.trade","2006Accommodation","2006Transport..postal.and.warehousing","2006Information.media.and.telecommunications","2006Financial.and.insurance.services","2006Rental..hiring.and.real.estate.services","2006Professional..scientific.and.technical.services","2006Administrative.and.support.services","2006Public.administration.and.safety","2006Education.and.training","2006Health.care.and.social.assistance","2006Arts.and.recreation.services"
"1","Auckland Central",0.00228168889282708,0.00435729847494553,0.00745343326352915,0.0120036934441367,0.0098626064599068,0.0178745729624207,0.0134037181546936,0.0263278697378014,0.011923542576219,0.0642231075697211,0.0309533828961519,0.0212882996864514,0.037776221599751,0.024746192893401,0.0109922537808927,0.0158358142775702,0.0110799176492607,0.0265307995960709
"2","Bay of Plenty",0.0203801338000089,0.00944081336238199,0.0148930893860906,0.0104647583871961,0.0230194439980717,0.0148548072230356,0.016831152933976,0.0109901979315745,0.018637414242213,0.00661354581673307,0.0111750128582784,0.0188129160019803,0.0120992841581077,0.0163614938361131,0.00874216156399852,0.0129009100314605,0.0173123713269699,0.0108326448177729
"3","Botany",0.0006202649417394,0.00290486564996369,0.0187369117160807,0.0160049245921822,0.0115298087739033,0.0262933138116154,0.0162650141534695,0.0130964275105987,0.0181604725391643,0.0156972111553785,0.0208070323093468,0.0162275152648661,0.0153478057889823,0.014140681653372,0.00763555883437846,0.0145478347163278,0.0107804604154969,0.00963921784632333
"4","Christchurch Central",0.00252536440565327,0.00290486564996369,0.0169045519673757,0.0120036934441367,0.0145629117788848,0.0152818448023426,0.0188049881416877,0.0261118461912348,0.0181971603624757,0.0229482071713147,0.0154299340720999,0.0174377028439408,0.0170596016184251,0.0184010152284264,0.0126521578753228,0.0157091277633496,0.0180797304884896,0.0216652896355458
"5","Christchurch East",0.00201586106065305,0,0.0204177229141409,0.0132348414896891,0.0189016551502491,0.0166849682772084,0.0172748833295081,0.0140145275835066,0.01830722383241,0.0152988047808765,0.0143077570486744,0.0145772594752187,0.0109516028633676,0.0156363306744017,0.0123201770564367,0.012943138869534,0.0180048661800487,0.0160653630772055
"6","Clutha-Southland",0.0612068583580701,0.0341321713870733,0.0171663176457622,0.0080024622960911,0.0191426964486582,0.00722913616398243,0.01592839109479,0.0297032376529042,0.0200682393513593,0.00828685258964143,0.00762145228409782,0.0164475493701524,0.00927871148459384,0.0149564902102973,0.00604942825525636,0.0112962141846667,0.00939547070933932,0.0253373726246213
"7","Coromandel",0.0389880820521909,0.04720406681191,0.0139975752231897,0.0141582025238535,0.0189820022497188,0.00716813079551001,0.0154387575548925,0.0172548807820052,0.0126572990424478,0.0048605577689243,0.00668630476457661,0.0159524726332582,0.00838390911920324,0.0125997099347353,0.00859461453338252,0.0113384430227402,0.012521055586749,0.0124850821628569
"8","Dunedin North",0.00343360949891454,0.0246913580246914,0.010883941364488,0.0150815635580179,0.0102844287321228,0.00933382137628111,0.0161120036722515,0.028218075770259,0.0110797226400558,0.0149800796812749,0.00902417356337962,0.0108366796853512,0.0106403672580143,0.013007614213198,0.0124677240870527,0.0228669158168113,0.0214673404454426,0.0212980813366382
"9","Dunedin South",0.00797483496522086,0.0181554103122731,0.0177036261435027,0.0184672206832872,0.0154869034227864,0.0136957052220595,0.0166475403565144,0.0164717954257014,0.0158858274938548,0.012191235059761,0.0119698882498714,0.0118818416854612,0.0101151571739807,0.0134608411892676,0.0137587606049428,0.0183484301429446,0.0228523301516002,0.0175341962728358
"10","East Coast",0.0428425856187143,0.0116194625998548,0.0156370549983467,0.0200061557402278,0.0186606138518399,0.00908979990239141,0.0183000535536684,0.0153646747495477,0.0128774259823165,0.00908366533864542,0.00804226866788236,0.0141921997909676,0.00947323373793962,0.0157269760696157,0.0155293249723349,0.0235214628069509,0.0203630918959386,0.0119342697144955
"11","East Coast Bays",0.00112976828673962,0.00217864923747277,0.0137358095448033,0.00892582333025546,0.0163707215169532,0.0274219131283553,0.017580904291944,0.0120973186077282,0.0132443042154309,0.0241434262948207,0.0272127928180671,0.0177677540018703,0.0231286959228136,0.0194887599709935,0.0136112135743268,0.0167437342961508,0.0138124649073554,0.0143211236573947
"12","Epsom",0.00119622524478313,0.00217864923747277,0.00869337595062273,0.0104647583871961,0.00769323477422465,0.0226634943875061,0.0139851579833219,0.017443901385251,0.0104193418204498,0.0325099601593625,0.0317015009117688,0.0254139391605699,0.0368230625583567,0.020077955039884,0.0083364072298045,0.0183062013048711,0.0189406700355605,0.0159735610024787
"13","Hamilton East",0.00431970227282796,0.0152505446623094,0.0127576325360961,0.0218528778085565,0.0147436927526916,0.0130856515373353,0.0162803152015913,0.0181459779115924,0.00873170194812342,0.0126693227091633,0.0135128816570814,0.0153473788437208,0.0180322128851541,0.0166334300217549,0.016635927701955,0.0240704377019066,0.0191652629608834,0.018176810795924
"14","Hamilton West",0.00516149040804572,0.0181554103122731,0.0211754656673647,0.0178516466605109,0.0199059938936204,0.0195522205954124,0.0194782342590467,0.0152566629762644,0.0147118171478886,0.0133864541832669,0.0131388226492729,0.0157874470542934,0.0145697167755991,0.0187635968092821,0.0181851715234231,0.0166592766200038,0.0246677896312933,0.0176259983475627
"15","Helensville",0.0101679145806566,0.00726216412490922,0.0153339578970572,0.012927054478301,0.0214526755584123,0.0255307467057101,0.0153928544105271,0.0110442038182162,0.0140147485049712,0.0216733067729084,0.0221629962126525,0.0201881291600198,0.0213196389666978,0.0190355329949239,0.0230542235337514,0.0147589789066954,0.0126895002807412,0.0180850087211971
"16","Hunua",0.0211776172965309,0.0167029774872912,0.0181444946544693,0.0209295167743921,0.0205688574642455,0.0224499755978526,0.0142605768495142,0.00882996246590878,0.0176101551894926,0.00892430278884462,0.0151026324402675,0.017547719896584,0.01291627762216,0.0134608411892676,0.00900036886757654,0.0142733472688499,0.0109489051094891,0.0143211236573947
"17","Hutt South",0.000974702051304772,0.00798838053740015,0.0149481979499614,0.0166204986149584,0.0167925437891692,0.0171425085407516,0.016004896335399,0.0142845570167148,0.0195912976483105,0.0206374501992032,0.0251087108991443,0.0144122338962539,0.0202886710239651,0.0180384336475707,0.0316488380671339,0.0151601528683938,0.0151787385364028,0.0149637381804829
"18","Ilam",0.00296841079260999,0.00435729847494553,0.0130056210735148,0.00923361034164358,0.0110678129519524,0.0159224011713031,0.0179175273506235,0.0201441957173332,0.0166195839600836,0.0149800796812749,0.0172067143591902,0.0221684361075967,0.0199579831932773,0.014095358955765,0.0115455551457027,0.020607672979878,0.0177428411005053,0.0164325713761131
"19","Invercargill",0.0287758628328386,0.0108932461873638,0.0238068995921966,0.0104647583871961,0.0144423911296802,0.012475597852611,0.0168464539820978,0.0139875246401858,0.0154455736141175,0.0099601593625498,0.0153831766961238,0.0114967820012102,0.00923980703392468,0.010650833937636,0.0147178163039469,0.0144000337830705,0.0180048661800487,0.0121178738639493
"20","Kaikōura",0.0504629834743698,0.0145243282498184,0.0162156949189904,0.0221606648199446,0.0168327173389041,0.00872376769155686,0.0147655114375335,0.0218183782032242,0.0168397108999523,0.00908366533864542,0.00663954738860055,0.0171626602123329,0.00801431683784625,0.0106961566352429,0.0144964957580229,0.0110217267371888,0.0134568594422609,0.0133113008353989
"21","Mana",0.0018607948252182,0.00508351488743646,0.0100710900473934,0.0141582025238535,0.0173147999357223,0.0116825280624695,0.0167240455971234,0.0120703156644074,0.0154822614374289,0.01800796812749,0.0228175994763174,0.0134770889487871,0.018129474011827,0.0186729514140682,0.032939874585024,0.0180105994383565,0.0173123713269699,0.0152391444046635
"22","Māngere",0.00137344379956581,0.00290486564996369,0.0180618318086631,0.0101569713758079,0.00934035031335369,0.0161054172767204,0.00827786703389182,0.0113142332514244,0.0259016032578787,0.00844621513944223,0.00991256370692477,0.00814126189559382,0.00632197323373794,0.013007614213198,0.00789376613795647,0.00931145879521125,0.00993823694553621,0.00642614523088222
"23","Manukau East",0.00163927163173984,0.00363108206245461,0.0217954370109115,0.0110803324099723,0.011188333601157,0.0178440702781845,0.0115981944763216,0.0113142332514244,0.0220126939868658,0.0099601593625498,0.010894468602422,0.00940645800099015,0.00694444444444444,0.0160442349528644,0.00774621910734047,0.0102616076518655,0.0107617443383867,0.00835398880014688
"24","Manurewa",0.00179433786717469,0.00798838053740015,0.0230353796980051,0.0156971375807941,0.0137996143339225,0.0191556857003416,0.0126080636523602,0.0109901979315745,0.0276259309535165,0.0111553784860558,0.0125777341375602,0.0111117223169591,0.00850062247121071,0.0145485859318347,0.0105496126890446,0.0108950402229683,0.0109301890323788,0.00872119709905444
"25","Maungakiekie",0.000908245093261265,0.00290486564996369,0.0180342775267277,0.0160049245921822,0.0132773581873694,0.0281539775500244,0.0138015454058603,0.0147976129398104,0.0209854349341454,0.0248605577689243,0.0237059896198625,0.0153473788437208,0.0226618425147837,0.0227973168963017,0.0111029140538547,0.0164903612677097,0.0168819015534344,0.0149637381804829
"26","Mt Albert",0.000863940454565593,0,0.0120274440648077,0.0126192674669129,0.0122127591193958,0.0199182528062469,0.0143829852344886,0.0184430102881214,0.0144550023847085,0.0425498007968127,0.0234254453640062,0.0151273447384345,0.0269996887643946,0.0236584481508339,0.0125414976023608,0.0171449082578493,0.0146546883773161,0.0202882585146424
"27","Mt Roskill",0.000708874219130743,0.00145243282498184,0.0124958668577097,0.0107725453985842,0.0103246022818576,0.0208943387018058,0.014872618774386,0.0158237247860017,0.0175734673661812,0.021195219123506,0.0206667601814186,0.0124869354749986,0.0182072829131653,0.0191715010877447,0.00903725562523054,0.0153290682206879,0.0128953771289538,0.0144129257321215
"28","Napier",0.0223295379026184,0.00944081336238199,0.0197013115838201,0.0144659895352416,0.0172143660613852,0.0119265495363592,0.0177951189656491,0.0184160073448006,0.0171332134864438,0.00741035856573705,0.00981904895497265,0.0154573958963639,0.011068316215375,0.0143672951414068,0.0149760236075249,0.0163636747534892,0.018659928878907,0.0143211236573947
"29","Nelson",0.0123831465154402,0.00363108206245461,0.0174005290422132,0.0147737765466297,0.0174353205849269,0.0134516837481698,0.0178869252543799,0.0164447924823806,0.0175367795428697,0.00860557768924303,0.0100060784588769,0.0183728477914077,0.0134803921568627,0.0148658448150834,0.00918480265584655,0.0142733472688499,0.0198203256597417,0.0159735610024787
"30","New Lynn",0.00104115900934828,0.00217864923747277,0.0157059407031853,0.0123114804555248,0.0152659488992447,0.0203757930697901,0.0145818988600719,0.0115032538546702,0.0165095204901493,0.0240637450199203,0.0194978257820171,0.0135871060014302,0.0191020852785559,0.0199419869470631,0.0116193286610107,0.0166803910390406,0.0143365150664421,0.0158817589277518
"31","New Plymouth",0.0106109609676133,0.107480029048657,0.0152650721922187,0.0320098491843644,0.0164912421661578,0.0117435334309419,0.0167240455971234,0.0151756541463019,0.0141248119749055,0.0123505976095618,0.00986580633094871,0.0134220804224655,0.0137721755368814,0.0133701957940537,0.0112135743268167,0.0157091277633496,0.0190903986524424,0.01239328008813
"32","North Shore",0.00110761596739179,0.00145243282498184,0.0100297586244902,0.00831024930747922,0.0125944078418769,0.0241886285993167,0.0150868334480912,0.0128263980773904,0.0128040503356936,0.0307569721115538,0.0308598681441997,0.0238186918972441,0.0296257391845627,0.020077955039884,0.0227960162301734,0.0174827389624374,0.0148605652255287,0.0192784356926467
"33","Northcote",0.000996854370652607,0.00217864923747277,0.0144108894522209,0.00831024930747922,0.0151454282500402,0.0241276232308443,0.0161732078647387,0.0145815893932439,0.0155923249073632,0.0341035856573705,0.0277271239538037,0.0180978051597998,0.0246459694989107,0.0214376359680928,0.0147547030616009,0.0160680728869745,0.0146359723002059,0.0174423941981089
"34","Northland",0.0499756324487174,0.0326797385620915,0.0130469524964179,0.0246229609110496,0.0198658203438856,0.00823572474377745,0.0162344120572259,0.021386331110091,0.0130975529221851,0.00589641434262948,0.00687333426848085,0.0210682655811651,0.00927871148459384,0.012916968817984,0.0104020656584286,0.0186862608475328,0.0152536028448437,0.014045717433214
"35","Ōhariu",0.000952549731956936,0.00944081336238199,0.00801829604320511,0.0163127116035703,0.0131970110878997,0.0145802830649097,0.0146737051488027,0.0124483568708989,0.0147118171478886,0.0257370517928287,0.0401645859634357,0.015842455580615,0.0334772798008092,0.0205311820159536,0.049797122832903,0.0189396338759739,0.0153471832303949,0.0189112273937391
"36","Ōtaki",0.0150414248371805,0.0065359477124183,0.0123580954480326,0.0249307479224377,0.0168528041137715,0.00936432406051733,0.0158059827098156,0.0123133421542948,0.0107495322302528,0.0099601593625498,0.0119231308738954,0.0143022168436108,0.0110099595393713,0.0111493836113125,0.016414607156031,0.0147167500686219,0.0164888639341194,0.013219498760672
"37","Pakuranga",0.000886092773913429,0.00508351488743646,0.0176485175796319,0.0150815635580179,0.0153663827735819,0.0283064909712055,0.0167240455971234,0.0127183863041071,0.0165462083134608,0.0159362549800797,0.0199653995417777,0.0177677540018703,0.0187324929971989,0.0160442349528644,0.00756178531907045,0.0175038533814742,0.012202882275875,0.0130358946112182
"38","Palmerston North",0.00564884143369811,0.00871459694989107,0.0128540725228701,0.012927054478301,0.0151454282500402,0.0175695461200586,0.0200902761839186,0.0173358896119677,0.0140881241515941,0.0098804780876494,0.0116893439940151,0.0146322680015402,0.0135387488328665,0.0166787527193619,0.0261158244190336,0.0240070944447964,0.0211491671345686,0.0144129257321215
"39","Papakura",0.00717735146869877,0.0145243282498184,0.0208861457070429,0.0163127116035703,0.0190020890245862,0.0246766715470961,0.0152398439293092,0.00996408608538331,0.0267087353707305,0.0105179282868526,0.0154766914480759,0.0177127454755487,0.0134025832555244,0.0155003625815809,0.0139800811508668,0.0148012077447689,0.0126520681265207,0.0134949049848527
"40","Port Hills",0.00256966904434894,0,0.0179102832580183,0.0101569713758079,0.0142214366061385,0.0170510004880429,0.0149644250631168,0.0147706099964896,0.0171699013097553,0.0178486055776892,0.0145883013045308,0.0161725067385445,0.0184796140678494,0.0163161711385062,0.0117668756916267,0.017081565000739,0.0209807224405765,0.0168915817497475
"41","Rangitata",0.0375703336139294,0.0137981118373275,0.0259836878650942,0.023084025854109,0.0153462959987144,0.0133601756954612,0.0179481294468671,0.0140145275835066,0.0151520710276259,0.00900398406374502,0.00944498994716417,0.0126519610539634,0.00838390911920324,0.0108774474256708,0.00789376613795647,0.0121407909461371,0.0152348867677335,0.0110162489672267
"42","Rangitīkei",0.0423552345930619,0.0152505446623094,0.014686432271575,0.0172360726377347,0.0158082918206653,0.0117435334309419,0.015178639736822,0.0139335187535441,0.0119602303995304,0.00653386454183267,0.00780848178800206,0.0136971230540734,0.00945378151260504,0.00965373459028281,0.0385097749907783,0.0188551761998269,0.0153284671532847,0.013219498760672
"43","Rimutaka",0.00166142395108768,0.00580973129992738,0.0141077923509313,0.0172360726377347,0.0190221757994536,0.0171120058565154,0.0164639277790529,0.0110982097048578,0.0159958909637891,0.0178486055776892,0.0207135175573947,0.0132570548435007,0.016514939309057,0.0163161711385062,0.0400959055699004,0.0150334663541733,0.0152910349990642,0.0151473423299367
"44","Rodney",0.00790837800717735,0.00798838053740015,0.0126474154083545,0.0101569713758079,0.0249678611602121,0.0179965836993655,0.0161885089128605,0.01182728917452,0.0108595957001871,0.0177689243027888,0.0161780520877168,0.0212882996864514,0.0162620603797074,0.0149564902102973,0.0120619697528587,0.0135976858596736,0.0126520681265207,0.0168915817497475
"45","Rongotai",0.0018607948252182,0.00726216412490922,0.00726055328998126,0.0147737765466297,0.0126345813916118,0.00951683748169839,0.0147961135337771,0.018956066211217,0.0168763987232637,0.038406374501992,0.0275400944498995,0.0168326090544034,0.0290616246498599,0.0198966642494561,0.0424935448174106,0.0171449082578493,0.0199887703537339,0.0283668410906086
"46","Rotorua",0.0288866244295778,0.0116194625998548,0.019990631544142,0.0240073868882733,0.0168126305640366,0.0134821864324061,0.0187284829010787,0.0268139227175762,0.0173900282496239,0.00764940239043825,0.00995932108290083,0.0160624896859013,0.0135971055088702,0.01536439448876,0.0146809295462929,0.0211777622938705,0.0197454613513008,0.026438997521344
"47","Selwyn",0.0290195383456648,0.0065359477124183,0.0163810206106029,0.0123114804555248,0.0151052547003053,0.0168069790141532,0.014046362175809,0.0129884157373154,0.0195179220016876,0.00948207171314741,0.0136063964090335,0.0157324385279718,0.0134998443821973,0.0125090645395214,0.0226115824419034,0.0143578049449969,0.0142242186037806,0.0175341962728358
"48","Tāmaki",0.00106331132869611,0.00508351488743646,0.0113936955802932,0.0126192674669129,0.0109874658524827,0.0246461688628599,0.013296610817841,0.0128804039640321,0.01449169020802,0.0273306772908367,0.0296441763688222,0.0240387260025304,0.0314542483660131,0.0215282813633067,0.00800442641091848,0.016997107324592,0.0154969118472768,0.015698154778298
"49","Taranaki-King Country",0.0588144078685038,0.0450254175744372,0.0145624380028656,0.0273930440135426,0.0155471637473887,0.0105234260614934,0.0136332338765205,0.01182728917452,0.0130241772755622,0.00565737051792829,0.00743442278019358,0.013752131580395,0.00982337379396203,0.00988034807831762,0.0127997049059388,0.0147378644876586,0.014486243683324,0.0142293215826678
"50","Taupō",0.0316778166674051,0.0326797385620915,0.0181858260773724,0.0323176361957525,0.0193837377470673,0.00957784285017082,0.0184530640348864,0.0243296519320606,0.0174267160729354,0.00749003984063745,0.0089306588114275,0.016502557896474,0.0111655773420479,0.0142766497461929,0.0135374400590188,0.01655370452482,0.0131948343627176,0.0236849352795373
"51","Tauranga",0.00578175534978512,0.00580973129992738,0.0144797751570594,0.0116959064327485,0.0216535433070866,0.0141532454856027,0.0194629332109249,0.015472686522831,0.0169497743698866,0.00924302788844622,0.0125777341375602,0.0207382144232356,0.0152116402116402,0.0134155184916606,0.0103651789007746,0.0138932877261882,0.0190155343440015,0.0125768842375838
"52","Te Atatū",0.00241460280891409,0.00363108206245461,0.0185440317425328,0.012927054478301,0.0170737586373132,0.0186676427525622,0.0150715323999694,0.0114762509113493,0.0166195839600836,0.0187250996015936,0.0182821340066395,0.0126519610539634,0.0130913476501712,0.0184916606236403,0.0142014016967909,0.0141466607546293,0.0139621935242373,0.0137703112090333
"53","Tukituki",0.0375260289752337,0.0065359477124183,0.0214785627686542,0.0163127116035703,0.0160493331190744,0.0139702293801855,0.0169994644633157,0.0123403450976156,0.0121803573393991,0.00868525896414343,0.00977229157899659,0.0167225920017603,0.0102707749766573,0.0187182741116751,0.0125414976023608,0.0164270180105994,0.0186786449560172,0.0102818323694115
"54","Waikato",0.047605334278499,0.0718954248366013,0.016188140637055,0.0224684518313327,0.0184396593282982,0.0134211810639336,0.0131436003366231,0.0101261037453082,0.0147118171478886,0.00557768924302789,0.00794875391593024,0.0135871060014302,0.0106792717086835,0.0121011602610587,0.00966433050534858,0.0141255463355926,0.0123900430469774,0.0157899568530249
"55","Waimakariri",0.0138230472730495,0.0065359477124183,0.0200595172489805,0.0212373037857802,0.0194239112968022,0.018637140068326,0.0171983780888991,0.0127993951340696,0.0212422496973255,0.0104382470119522,0.0150558750642914,0.0173276857912977,0.0116129785247432,0.012962291515591,0.0118775359645887,0.0127742235172399,0.0155343440014973,0.0126686863123107
"56","Wairarapa",0.0516813610385007,0.0174291938997821,0.0182822660641464,0.012927054478301,0.015326209223847,0.0093033186920449,0.0160354984316426,0.0131774363405611,0.0108962835234986,0.00876494023904383,0.0086968719315472,0.0143022168436108,0.00941487706193589,0.0114213197969543,0.0138694208779048,0.0148012077447689,0.0154969118472768,0.0109244468924998
"57","Waitakere",0.00274688759913163,0.00290486564996369,0.0186955802931776,0.0110803324099723,0.0175960147838663,0.018210102489019,0.0144441894269757,0.00974806253881673,0.0165462083134608,0.0179282868525896,0.0162248094636929,0.0123769184223555,0.013285869903517,0.0175852066715011,0.0120250829952047,0.0141466607546293,0.0132696986711585,0.0137703112090333
"58","Waitaki",0.052323778299588,0.0413943355119826,0.0150584150777031,0.025854108956602,0.021673630081954,0.00884577842850171,0.0153928544105271,0.0234115518591526,0.0133543676853652,0.00669322709163347,0.00692009164445691,0.015842455580615,0.00836445689386866,0.0125997099347353,0.00708225746956842,0.0127108802601296,0.0132509825940483,0.0163407693013862
"59","Wellington Central",0.000996854370652607,0.0101670297748729,0.00462911936514934,0.0141582025238535,0.00682950345492528,0.00960834553440703,0.0144900925713411,0.0257068020414225,0.00909858018123785,0.0396812749003984,0.0387618646841539,0.0178777710545134,0.0446428571428571,0.0238397389412618,0.0640354112873478,0.0210933046177234,0.0144675276062137,0.0333241531258606
"60","West Coast-Tasman",0.0423552345930619,0.161220043572985,0.0145073294389948,0.0150815635580179,0.0152458621243773,0.00826622742801367,0.0147043072450463,0.0235195636324359,0.0138679972117254,0.00597609561752988,0.00570439986907935,0.0116067990538533,0.0081504824151883,0.0138687454677302,0.00756178531907045,0.0129642532885708,0.0139247613700168,0.0201046543651887
"61","Whanganui",0.0342253333924062,0.0210602759622367,0.0229389397112311,0.0123114804555248,0.0147838663024265,0.00948633479746218,0.0155764669879887,0.0131504333972403,0.00961220970759805,0.00804780876494024,0.00724739327628933,0.0107816711590297,0.00807267351384998,0.00910986221899928,0.0143120619697529,0.0160680728869745,0.0183230394909227,0.0118424676397687
"62","Whangarei",0.0158167560143547,0.0159767610748003,0.0148930893860906,0.0292397660818713,0.0209304194118592,0.0121705710102489,0.0182388493611812,0.0138525099235817,0.0143082510914627,0.00812749003984064,0.0131388226492729,0.0171626602123329,0.0119825708061002,0.0126450326323423,0.0150866838804869,0.0165114756867465,0.0220849709900805,0.0131276966859451
"63","Wigram",0.0034114571795667,0.00217864923747277,0.0226771740328447,0.0116959064327485,0.0137996143339225,0.0186676427525622,0.0187437839492005,0.0213053222801285,0.0220860696334886,0.0135458167330677,0.0127647636414644,0.0149073106331481,0.0132080610021786,0.0169053662073967,0.0123201770564367,0.0146745212305483,0.0186412128017967,0.0168915817497475
