"","Electorate","A Agriculture, Forestry and Fishing","B Mining","C Manufacturing","D Electricity, Gas, Water and Waste Services","E Construction","F Wholesale Trade","G Retail Trade","H Accommodation and Food Services","I Transport, Postal and Warehousing","J Information Media and Telecommunications","K Financial and Insurance Services","L Rental, Hiring and Real Estate Services","M Professional, Scientific and Technical Services","N Administrative and Support Services","O Public Administration and Safety","P Education and Training","Q Health Care and Social Assistance","R Arts and Recreation Services","S Other Services"
"1","Auckland Central",363,12,1260,117,1158,1383,2706,4020,810,1647,2274,1101,5415,1494,954,2211,2073,795,1074
"2","Bay of Plenty",1779,54,2607,162,2841,1503,3090,1299,1671,228,753,792,1980,1044,930,2352,3285,486,1299
"3","Botany",111,18,3891,180,1734,2649,3333,1623,1665,513,1530,777,2502,978,861,2385,2397,375,1182
"4","Christchurch Central",318,30,3177,213,4086,1626,3498,2163,1401,699,1029,885,3198,1191,1482,2370,3741,642,1236
"5","Christchurch East",294,21,3528,222,4662,1626,3450,1422,1419,540,882,579,1992,1080,1317,2115,3348,486,1419
"6","Clutha-Southland",8208,144,3066,105,2862,858,3117,3633,1764,282,591,1026,1671,999,792,1803,1791,963,1167
"7","Coromandel",5214,252,2676,165,2550,807,2796,1875,915,177,333,936,1362,921,798,1845,2415,444,999
"8","Dunedin North",858,261,1611,114,1506,903,3084,2907,882,516,588,606,1959,795,1107,3846,3477,699,1029
"9","Dunedin South",1071,144,2505,165,2400,1368,3192,1686,1290,468,717,738,1872,903,1338,3111,3891,540,1191
"10","East Coast",6336,51,3750,297,2712,903,3381,1635,1365,336,558,723,1593,1224,1482,3891,4179,456,1461
"11","East Coast Bays",132,15,2052,111,2124,2391,3261,1620,891,756,1896,903,3645,1134,1179,2427,2355,516,1236
"12","Epsom",189,12,1707,108,1041,1962,2568,1953,801,1020,2175,1257,5637,1197,813,2688,3387,591,963
"13","Hamilton East",762,66,2829,429,2076,1359,3282,2199,714,429,882,648,2832,1056,1794,3744,3723,567,1275
"14","Hamilton West",708,66,3891,465,2643,1806,3405,1650,1083,375,831,660,2187,1149,1767,2598,4623,552,1491
"15","Helensville",1317,30,2613,138,3399,2013,2373,969,939,804,1266,1029,3288,1077,1494,2523,2466,738,1428
"16","Hunua",2226,75,3672,255,2958,2349,2796,1212,1569,333,975,945,2346,942,969,2367,2382,492,1305
"17","Hutt South",90,33,2400,327,2682,1557,3132,1569,1497,801,1899,681,4071,1269,3621,2928,2991,711,1422
"18","Ilam",375,24,2370,123,2664,1491,3204,2019,1323,477,1173,975,3357,870,1269,3069,3243,510,990
"19","Invercargill",4134,81,4575,162,2304,1200,3204,1497,1266,297,894,627,1440,591,1206,2298,3438,492,1398
"20","Kaikoura",6330,78,3645,261,2619,864,2886,2424,1470,234,444,915,1389,855,1131,1872,2424,504,1044
"21","Kelston",147,9,3141,147,1986,1596,2691,1401,1203,708,1248,579,2250,1140,1137,2175,2427,513,1242
"22","Mana",213,27,1752,237,2598,1044,2865,1419,1287,696,1572,594,3021,1218,3348,3114,3384,597,1251
"23","Mangere",132,9,3183,129,1260,1431,1689,1104,2277,351,654,387,1026,942,831,1533,2022,240,795
"24","Manukau East",210,9,3603,126,1326,1449,2274,1293,1974,378,717,423,957,966,801,1380,2073,231,846
"25","Manurewa",303,9,3945,186,1668,1737,2418,1290,2319,393,780,555,1221,1044,1068,1719,2133,333,945
"26","Maungakiekie",132,21,3147,204,1872,2484,2739,1590,1530,846,1566,780,3504,1344,1059,2427,2982,549,1176
"27","Mt Albert",123,6,1893,159,1635,1893,2640,1998,960,1821,2049,990,5589,1485,1173,3057,2766,912,1242
"28","Mt Roskill",84,6,2142,144,1431,1860,2793,1839,1329,822,1578,789,3543,1152,948,2523,2697,546,1083
"29","Napier",3129,48,3891,180,2196,1185,3084,1794,1425,282,576,750,1830,996,1410,2748,3531,513,1254
"30","Nelson",1542,69,3201,153,2511,1323,3510,1956,1410,330,633,819,2370,1014,1017,2271,3669,540,1413
"31","New Lynn",102,6,2457,144,1767,1785,2772,1497,1326,798,1416,675,2865,1119,1041,2364,2481,474,1167
"32","New Plymouth",1980,1020,3789,453,2844,1158,3207,1773,1308,408,720,771,2292,963,1020,2427,3711,492,1314
"33","North Shore",126,12,1830,96,1833,2073,2841,1719,906,1035,2304,1194,4773,1269,1899,2667,2919,765,1110
"34","Northcote",129,9,2367,111,2283,2079,3081,1755,1113,1140,2010,855,4065,1401,1350,2544,2907,696,1317
"35","Northland",6345,111,2253,306,2502,813,2973,2079,1065,183,396,927,1344,912,1098,2895,2892,465,1167
"36","Ohariu",90,33,1110,309,1614,1140,2433,1401,1113,948,2472,660,5292,1020,4668,2844,2664,720,1257
"37","Otaki",1557,21,2031,309,2256,831,2874,1287,867,363,783,579,1779,726,1647,2217,3141,402,1173
"38","Pakuranga",123,21,3525,171,2193,2664,2910,1494,1395,576,1359,849,2949,1083,843,2634,2415,486,1314
"39","Palmerston North",519,18,2232,141,1881,1773,3510,1884,1113,285,732,564,1938,1020,2598,3630,4014,534,1302
"40","Papakura",759,45,4209,195,2607,2499,2814,1104,2310,357,1032,897,2169,1095,1269,2358,2595,465,1356
"41","Port Hills",336,21,3432,180,3564,1764,3111,1377,1425,588,1026,807,3558,1005,1521,2856,4077,594,1350
"42","Rangitata",4554,39,5214,261,2844,1569,3519,1557,1359,351,546,636,1299,624,789,1896,2724,312,1206
"43","Rangitikei",5580,57,3102,165,2172,1359,2793,1581,1134,243,468,651,1500,672,2958,3012,2979,483,1164
"44","Rimutaka",171,24,2406,306,2784,1452,3003,1458,1506,570,1335,546,2454,1182,3972,2355,2994,558,1299
"45","Rodney",756,30,2430,120,3327,1776,3015,1287,831,573,1137,954,2676,1065,1077,2229,2631,636,1230
"46","Rongotai",210,33,1008,204,1581,855,2679,2211,1320,1764,1734,666,4701,1212,3822,2886,3609,1089,1317
"47","Rotorua",3552,36,3177,288,2199,1197,3093,2538,1353,267,576,738,1992,1146,1413,2973,3573,813,1419
"48","Selwyn",4686,72,3399,177,3282,1716,2355,1260,1470,267,780,792,2196,858,2079,2349,2352,627,1068
"49","Tamaki",126,12,1929,144,1470,2193,2199,1191,933,819,2115,1125,4974,1137,774,2583,2775,576,1014
"50","Taranaki-King Country",7413,306,3099,339,2466,1158,2568,1314,1155,219,546,870,1764,723,1272,2364,2763,507,1236
"51","Taupo",4512,165,3141,453,2691,1137,3318,2568,1275,240,600,957,1893,942,1242,2718,2694,819,1494
"52","Tauranga",783,27,2484,156,2487,1440,3177,1623,1386,309,744,885,2373,960,1038,2214,3798,438,1260
"53","Te Atatu",186,9,3378,153,2199,1734,2844,1458,1224,708,1317,666,2352,1149,1257,2322,2808,504,1236
"54","Tukituki",4584,36,4278,183,2130,1308,2829,1308,966,273,600,834,1827,1140,1218,2718,3783,399,1128
"55","Upper Harbour",216,9,3192,135,2514,2322,3285,1560,1179,774,1740,708,3048,1329,1626,2208,2757,549,1314
"56","Waikato",6246,303,3732,333,2901,1575,2757,1203,1215,213,639,864,1881,891,1215,2511,2574,573,1278
"57","Waimakariri",1752,51,3420,297,4098,1620,3192,1206,1491,315,864,822,2016,870,1185,2004,2631,438,1299
"58","Wairarapa",6477,69,3237,195,2223,999,3057,1554,954,279,582,615,1503,717,1332,2331,2949,399,1179
"59","Waitaki",6822,168,3111,348,3162,1032,3162,2481,1113,261,447,894,1506,828,690,1998,2355,678,1029
"60","Wellington Central",150,51,771,282,915,825,2661,3279,666,1539,2397,720,6876,1251,5481,3159,2514,1221,1221
"61","West Coast-Tasman",5070,1197,2862,153,2625,828,2865,2481,1203,255,336,708,1443,993,717,2070,2523,705,1011
"62","Whanganui",4167,114,5244,423,2139,822,2922,1392,861,240,432,561,1254,633,1509,2370,3402,387,1236
"63","Whangarei",2016,72,2844,297,2616,1119,3027,1452,1275,273,639,777,1980,924,1443,2547,4362,462,1230
"64","Wigram",480,15,3879,153,3153,1653,3327,1968,1641,435,858,621,2238,1035,1176,1974,3024,477,1167
