"","Electorate","Party 2008","Percentage of Vote Recieved 2008","Party 2011","Percentage of Vote Recieved 2011","Incumbent 2008-2011","Winning Margin Percentage 2008-2011","Party 2014","Percentage of Vote Recieved 2014","Incumbent 2011-2014","Winning Margin Percentage 2011-2014","Party 2017","Percentage of Vote Recieved 2017","Incumbent 2014-2017","Winning Margin Percentage 2014-2017"
"1","Auckland Central","National Party",42.91,"National Party",45.39,TRUE,2.48,"National Party",45.84,TRUE,0.450000000000003,"National Party",45.25,TRUE,c(-0.590000000000003, 0.359999999999999, -2.27, 1.71, 6.34999999999999, -4.17, -3.63, 10.38, 5.52, -5.68, 4.14, -0.25, -3.93, -0.280000000000001, 10, -9.06999999999999, -0.950000000000003, 4.08000000000001, -11.48, -1.04000000000001, 4.55, -1.73, 4.55, -4.37, 5.77, -1.26000000000001, 11.51, -12.68, -3.84, -5.83, -2.65, -4.25, -14.44, 3.88, 3.01000000000001, 8.87, 7.45, -13.68, 2.98999999999999, -0.269999999999996, 2.51000000000001, -2.97000000000001, -3.75, -1.76000000000001, -2.11, 9.24, 2.97, -4.56, 
8.18, -3.49, 9, -2.5, -5.52, -2.75, 2.25, -8.09, -9.29, 3.36)
"2","Bay of Plenty","National Party",64.88,"National Party",67.48,TRUE,2.60000000000001,"National Party",60.69,TRUE,-6.79000000000001,"National Party",61.05,TRUE,c(-0.590000000000003, 0.359999999999999, -2.27, 1.71, 6.34999999999999, -4.17, -3.63, 10.38, 5.52, -5.68, 4.14, -0.25, -3.93, -0.280000000000001, 10, -9.06999999999999, -0.950000000000003, 4.08000000000001, -11.48, -1.04000000000001, 4.55, -1.73, 4.55, -4.37, 5.77, -1.26000000000001, 11.51, -12.68, -3.84, -5.83, -2.65, -4.25, -14.44, 3.88, 3.01000000000001, 8.87, 7.45, -13.68, 2.98999999999999, -0.269999999999996, 2.51000000000001, -2.97000000000001, -3.75, -1.76000000000001, -2.11, 9.24, 2.97, -4.56, 
8.18, -3.49, 9, -2.5, -5.52, -2.75, 2.25, -8.09, -9.29, 3.36)
"3","Botany","National Party",56.22,"National Party",64.03,TRUE,7.81,"National Party",65.12,TRUE,1.09,"National Party",62.85,TRUE,c(-0.590000000000003, 0.359999999999999, -2.27, 1.71, 6.34999999999999, -4.17, -3.63, 10.38, 5.52, -5.68, 4.14, -0.25, -3.93, -0.280000000000001, 10, -9.06999999999999, -0.950000000000003, 4.08000000000001, -11.48, -1.04000000000001, 4.55, -1.73, 4.55, -4.37, 5.77, -1.26000000000001, 11.51, -12.68, -3.84, -5.83, -2.65, -4.25, -14.44, 3.88, 3.01000000000001, 8.87, 7.45, -13.68, 2.98999999999999, -0.269999999999996, 2.51000000000001, -2.97000000000001, -3.75, -1.76000000000001, -2.11, 9.24, 2.97, -4.56, 
8.18, -3.49, 9, -2.5, -5.52, -2.75, 2.25, -8.09, -9.29, 3.36)
"4","Christchurch Central","Labour Party",43.83,"National Party",44.53,FALSE,0.700000000000003,"National Party",46.22,TRUE,1.69,"Labour Party",47.93,FALSE,c(-0.590000000000003, 0.359999999999999, -2.27, 1.71, 6.34999999999999, -4.17, -3.63, 10.38, 5.52, -5.68, 4.14, -0.25, -3.93, -0.280000000000001, 10, -9.06999999999999, -0.950000000000003, 4.08000000000001, -11.48, -1.04000000000001, 4.55, -1.73, 4.55, -4.37, 5.77, -1.26000000000001, 11.51, -12.68, -3.84, -5.83, -2.65, -4.25, -14.44, 3.88, 3.01000000000001, 8.87, 7.45, -13.68, 2.98999999999999, -0.269999999999996, 2.51000000000001, -2.97000000000001, -3.75, -1.76000000000001, -2.11, 9.24, 2.97, -4.56, 
8.18, -3.49, 9, -2.5, -5.52, -2.75, 2.25, -8.09, -9.29, 3.36)
"5","Christchurch East","Labour Party",52.92,"Labour Party",55.54,TRUE,2.62,"Labour Party",48.09,TRUE,-7.45,"Labour Party",54.44,TRUE,c(-0.590000000000003, 0.359999999999999, -2.27, 1.71, 6.34999999999999, -4.17, -3.63, 10.38, 5.52, -5.68, 4.14, -0.25, -3.93, -0.280000000000001, 10, -9.06999999999999, -0.950000000000003, 4.08000000000001, -11.48, -1.04000000000001, 4.55, -1.73, 4.55, -4.37, 5.77, -1.26000000000001, 11.51, -12.68, -3.84, -5.83, -2.65, -4.25, -14.44, 3.88, 3.01000000000001, 8.87, 7.45, -13.68, 2.98999999999999, -0.269999999999996, 2.51000000000001, -2.97000000000001, -3.75, -1.76000000000001, -2.11, 9.24, 2.97, -4.56, 
8.18, -3.49, 9, -2.5, -5.52, -2.75, 2.25, -8.09, -9.29, 3.36)
"6","Clutha-Southland","National Party",67.87,"National Party",68.83,TRUE,0.959999999999994,"National Party",64.06,TRUE,-4.77,"National Party",59.89,TRUE,c(-0.590000000000003, 0.359999999999999, -2.27, 1.71, 6.34999999999999, -4.17, -3.63, 10.38, 5.52, -5.68, 4.14, -0.25, -3.93, -0.280000000000001, 10, -9.06999999999999, -0.950000000000003, 4.08000000000001, -11.48, -1.04000000000001, 4.55, -1.73, 4.55, -4.37, 5.77, -1.26000000000001, 11.51, -12.68, -3.84, -5.83, -2.65, -4.25, -14.44, 3.88, 3.01000000000001, 8.87, 7.45, -13.68, 2.98999999999999, -0.269999999999996, 2.51000000000001, -2.97000000000001, -3.75, -1.76000000000001, -2.11, 9.24, 2.97, -4.56, 
8.18, -3.49, 9, -2.5, -5.52, -2.75, 2.25, -8.09, -9.29, 3.36)
"7","Coromandel","National Party",63.05,"National Party",55.05,TRUE,-8,"National Party",58.72,TRUE,3.67,"National Party",55.09,TRUE,c(-0.590000000000003, 0.359999999999999, -2.27, 1.71, 6.34999999999999, -4.17, -3.63, 10.38, 5.52, -5.68, 4.14, -0.25, -3.93, -0.280000000000001, 10, -9.06999999999999, -0.950000000000003, 4.08000000000001, -11.48, -1.04000000000001, 4.55, -1.73, 4.55, -4.37, 5.77, -1.26000000000001, 11.51, -12.68, -3.84, -5.83, -2.65, -4.25, -14.44, 3.88, 3.01000000000001, 8.87, 7.45, -13.68, 2.98999999999999, -0.269999999999996, 2.51000000000001, -2.97000000000001, -3.75, -1.76000000000001, -2.11, 9.24, 2.97, -4.56, 
8.18, -3.49, 9, -2.5, -5.52, -2.75, 2.25, -8.09, -9.29, 3.36)
"8","Dunedin North","Labour Party",52.62,"Labour Party",44.25,TRUE,-8.37,"Labour Party",47.4,TRUE,3.15,"Labour Party",57.78,TRUE,c(-0.590000000000003, 0.359999999999999, -2.27, 1.71, 6.34999999999999, -4.17, -3.63, 10.38, 5.52, -5.68, 4.14, -0.25, -3.93, -0.280000000000001, 10, -9.06999999999999, -0.950000000000003, 4.08000000000001, -11.48, -1.04000000000001, 4.55, -1.73, 4.55, -4.37, 5.77, -1.26000000000001, 11.51, -12.68, -3.84, -5.83, -2.65, -4.25, -14.44, 3.88, 3.01000000000001, 8.87, 7.45, -13.68, 2.98999999999999, -0.269999999999996, 2.51000000000001, -2.97000000000001, -3.75, -1.76000000000001, -2.11, 9.24, 2.97, -4.56, 
8.18, -3.49, 9, -2.5, -5.52, -2.75, 2.25, -8.09, -9.29, 3.36)
"9","Dunedin South","Labour Party",52.29,"Labour Party",48.89,TRUE,-3.4,"Labour Party",49.07,TRUE,0.18,"Labour Party",54.59,TRUE,c(-0.590000000000003, 0.359999999999999, -2.27, 1.71, 6.34999999999999, -4.17, -3.63, 10.38, 5.52, -5.68, 4.14, -0.25, -3.93, -0.280000000000001, 10, -9.06999999999999, -0.950000000000003, 4.08000000000001, -11.48, -1.04000000000001, 4.55, -1.73, 4.55, -4.37, 5.77, -1.26000000000001, 11.51, -12.68, -3.84, -5.83, -2.65, -4.25, -14.44, 3.88, 3.01000000000001, 8.87, 7.45, -13.68, 2.98999999999999, -0.269999999999996, 2.51000000000001, -2.97000000000001, -3.75, -1.76000000000001, -2.11, 9.24, 2.97, -4.56, 
8.18, -3.49, 9, -2.5, -5.52, -2.75, 2.25, -8.09, -9.29, 3.36)
"10","East Coast","National Party",52.46,"National Party",48.27,TRUE,-4.19,"National Party",52.38,TRUE,4.11,"National Party",46.7,TRUE,c(-0.590000000000003, 0.359999999999999, -2.27, 1.71, 6.34999999999999, -4.17, -3.63, 10.38, 5.52, -5.68, 4.14, -0.25, -3.93, -0.280000000000001, 10, -9.06999999999999, -0.950000000000003, 4.08000000000001, -11.48, -1.04000000000001, 4.55, -1.73, 4.55, -4.37, 5.77, -1.26000000000001, 11.51, -12.68, -3.84, -5.83, -2.65, -4.25, -14.44, 3.88, 3.01000000000001, 8.87, 7.45, -13.68, 2.98999999999999, -0.269999999999996, 2.51000000000001, -2.97000000000001, -3.75, -1.76000000000001, -2.11, 9.24, 2.97, -4.56, 
8.18, -3.49, 9, -2.5, -5.52, -2.75, 2.25, -8.09, -9.29, 3.36)
"11","East Coast Bays","National Party",58.09,"National Party",64.98,TRUE,6.89,"National Party",61.92,TRUE,-3.06,"National Party",66.06,TRUE,c(-0.590000000000003, 0.359999999999999, -2.27, 1.71, 6.34999999999999, -4.17, -3.63, 10.38, 5.52, -5.68, 4.14, -0.25, -3.93, -0.280000000000001, 10, -9.06999999999999, -0.950000000000003, 4.08000000000001, -11.48, -1.04000000000001, 4.55, -1.73, 4.55, -4.37, 5.77, -1.26000000000001, 11.51, -12.68, -3.84, -5.83, -2.65, -4.25, -14.44, 3.88, 3.01000000000001, 8.87, 7.45, -13.68, 2.98999999999999, -0.269999999999996, 2.51000000000001, -2.97000000000001, -3.75, -1.76000000000001, -2.11, 9.24, 2.97, -4.56, 
8.18, -3.49, 9, -2.5, -5.52, -2.75, 2.25, -8.09, -9.29, 3.36)
"12","Epsom","ACT New Zealand",56.06,"ACT New Zealand",44.1,TRUE,-11.96,"ACT New Zealand",43.42,TRUE,-0.68,"ACT New Zealand",43.17,TRUE,c(-0.590000000000003, 0.359999999999999, -2.27, 1.71, 6.34999999999999, -4.17, -3.63, 10.38, 5.52, -5.68, 4.14, -0.25, -3.93, -0.280000000000001, 10, -9.06999999999999, -0.950000000000003, 4.08000000000001, -11.48, -1.04000000000001, 4.55, -1.73, 4.55, -4.37, 5.77, -1.26000000000001, 11.51, -12.68, -3.84, -5.83, -2.65, -4.25, -14.44, 3.88, 3.01000000000001, 8.87, 7.45, -13.68, 2.98999999999999, -0.269999999999996, 2.51000000000001, -2.97000000000001, -3.75, -1.76000000000001, -2.11, 9.24, 2.97, -4.56, 
8.18, -3.49, 9, -2.5, -5.52, -2.75, 2.25, -8.09, -9.29, 3.36)
"13","Hamilton East","National Party",58.58,"National Party",57.11,TRUE,-1.47,"National Party",57.37,TRUE,0.259999999999998,"National Party",53.44,TRUE,c(-0.590000000000003, 0.359999999999999, -2.27, 1.71, 6.34999999999999, -4.17, -3.63, 10.38, 5.52, -5.68, 4.14, -0.25, -3.93, -0.280000000000001, 10, -9.06999999999999, -0.950000000000003, 4.08000000000001, -11.48, -1.04000000000001, 4.55, -1.73, 4.55, -4.37, 5.77, -1.26000000000001, 11.51, -12.68, -3.84, -5.83, -2.65, -4.25, -14.44, 3.88, 3.01000000000001, 8.87, 7.45, -13.68, 2.98999999999999, -0.269999999999996, 2.51000000000001, -2.97000000000001, -3.75, -1.76000000000001, -2.11, 9.24, 2.97, -4.56, 
8.18, -3.49, 9, -2.5, -5.52, -2.75, 2.25, -8.09, -9.29, 3.36)
"14","Hamilton West","National Party",48.79,"National Party",53.26,TRUE,4.47,"National Party",53.1,TRUE,-0.159999999999997,"National Party",52.82,TRUE,c(-0.590000000000003, 0.359999999999999, -2.27, 1.71, 6.34999999999999, -4.17, -3.63, 10.38, 5.52, -5.68, 4.14, -0.25, -3.93, -0.280000000000001, 10, -9.06999999999999, -0.950000000000003, 4.08000000000001, -11.48, -1.04000000000001, 4.55, -1.73, 4.55, -4.37, 5.77, -1.26000000000001, 11.51, -12.68, -3.84, -5.83, -2.65, -4.25, -14.44, 3.88, 3.01000000000001, 8.87, 7.45, -13.68, 2.98999999999999, -0.269999999999996, 2.51000000000001, -2.97000000000001, -3.75, -1.76000000000001, -2.11, 9.24, 2.97, -4.56, 
8.18, -3.49, 9, -2.5, -5.52, -2.75, 2.25, -8.09, -9.29, 3.36)
"15","Hauraki-Waikato","Labour Party",52.49,"Labour Party",58.38,TRUE,5.89,"Labour Party",61.56,TRUE,3.18,"Labour Party",71.56,TRUE,c(-0.590000000000003, 0.359999999999999, -2.27, 1.71, 6.34999999999999, -4.17, -3.63, 10.38, 5.52, -5.68, 4.14, -0.25, -3.93, -0.280000000000001, 10, -9.06999999999999, -0.950000000000003, 4.08000000000001, -11.48, -1.04000000000001, 4.55, -1.73, 4.55, -4.37, 5.77, -1.26000000000001, 11.51, -12.68, -3.84, -5.83, -2.65, -4.25, -14.44, 3.88, 3.01000000000001, 8.87, 7.45, -13.68, 2.98999999999999, -0.269999999999996, 2.51000000000001, -2.97000000000001, -3.75, -1.76000000000001, -2.11, 9.24, 2.97, -4.56, 
8.18, -3.49, 9, -2.5, -5.52, -2.75, 2.25, -8.09, -9.29, 3.36)
"16","Helensville","National Party",73.61,"National Party",74.38,TRUE,0.769999999999996,"National Party",65.57,TRUE,-8.81,"National Party",56.5,TRUE,c(-0.590000000000003, 0.359999999999999, -2.27, 1.71, 6.34999999999999, -4.17, -3.63, 10.38, 5.52, -5.68, 4.14, -0.25, -3.93, -0.280000000000001, 10, -9.06999999999999, -0.950000000000003, 4.08000000000001, -11.48, -1.04000000000001, 4.55, -1.73, 4.55, -4.37, 5.77, -1.26000000000001, 11.51, -12.68, -3.84, -5.83, -2.65, -4.25, -14.44, 3.88, 3.01000000000001, 8.87, 7.45, -13.68, 2.98999999999999, -0.269999999999996, 2.51000000000001, -2.97000000000001, -3.75, -1.76000000000001, -2.11, 9.24, 2.97, -4.56, 
8.18, -3.49, 9, -2.5, -5.52, -2.75, 2.25, -8.09, -9.29, 3.36)
"17","Hunua","National Party",64.41,"National Party",65.59,TRUE,1.18000000000001,"National Party",67.56,TRUE,1.97,"National Party",66.61,TRUE,c(-0.590000000000003, 0.359999999999999, -2.27, 1.71, 6.34999999999999, -4.17, -3.63, 10.38, 5.52, -5.68, 4.14, -0.25, -3.93, -0.280000000000001, 10, -9.06999999999999, -0.950000000000003, 4.08000000000001, -11.48, -1.04000000000001, 4.55, -1.73, 4.55, -4.37, 5.77, -1.26000000000001, 11.51, -12.68, -3.84, -5.83, -2.65, -4.25, -14.44, 3.88, 3.01000000000001, 8.87, 7.45, -13.68, 2.98999999999999, -0.269999999999996, 2.51000000000001, -2.97000000000001, -3.75, -1.76000000000001, -2.11, 9.24, 2.97, -4.56, 
8.18, -3.49, 9, -2.5, -5.52, -2.75, 2.25, -8.09, -9.29, 3.36)
"18","Hutt South","Labour Party",49.28,"Labour Party",49.38,TRUE,0.100000000000001,"Labour Party",43.8,TRUE,-5.58000000000001,"National Party",47.88,FALSE,c(-0.590000000000003, 0.359999999999999, -2.27, 1.71, 6.34999999999999, -4.17, -3.63, 10.38, 5.52, -5.68, 4.14, -0.25, -3.93, -0.280000000000001, 10, -9.06999999999999, -0.950000000000003, 4.08000000000001, -11.48, -1.04000000000001, 4.55, -1.73, 4.55, -4.37, 5.77, -1.26000000000001, 11.51, -12.68, -3.84, -5.83, -2.65, -4.25, -14.44, 3.88, 3.01000000000001, 8.87, 7.45, -13.68, 2.98999999999999, -0.269999999999996, 2.51000000000001, -2.97000000000001, -3.75, -1.76000000000001, -2.11, 9.24, 2.97, -4.56, 
8.18, -3.49, 9, -2.5, -5.52, -2.75, 2.25, -8.09, -9.29, 3.36)
"19","Ilam","National Party",56.89,"National Party",60.4,TRUE,3.51,"National Party",58.08,TRUE,-2.32,"National Party",46.6,TRUE,c(-0.590000000000003, 0.359999999999999, -2.27, 1.71, 6.34999999999999, -4.17, -3.63, 10.38, 5.52, -5.68, 4.14, -0.25, -3.93, -0.280000000000001, 10, -9.06999999999999, -0.950000000000003, 4.08000000000001, -11.48, -1.04000000000001, 4.55, -1.73, 4.55, -4.37, 5.77, -1.26000000000001, 11.51, -12.68, -3.84, -5.83, -2.65, -4.25, -14.44, 3.88, 3.01000000000001, 8.87, 7.45, -13.68, 2.98999999999999, -0.269999999999996, 2.51000000000001, -2.97000000000001, -3.75, -1.76000000000001, -2.11, 9.24, 2.97, -4.56, 
8.18, -3.49, 9, -2.5, -5.52, -2.75, 2.25, -8.09, -9.29, 3.36)
"20","Invercargill","National Party",55.97,"National Party",54.58,TRUE,-1.39,"National Party",52.09,TRUE,-2.48999999999999,"National Party",51.05,TRUE,c(-0.590000000000003, 0.359999999999999, -2.27, 1.71, 6.34999999999999, -4.17, -3.63, 10.38, 5.52, -5.68, 4.14, -0.25, -3.93, -0.280000000000001, 10, -9.06999999999999, -0.950000000000003, 4.08000000000001, -11.48, -1.04000000000001, 4.55, -1.73, 4.55, -4.37, 5.77, -1.26000000000001, 11.51, -12.68, -3.84, -5.83, -2.65, -4.25, -14.44, 3.88, 3.01000000000001, 8.87, 7.45, -13.68, 2.98999999999999, -0.269999999999996, 2.51000000000001, -2.97000000000001, -3.75, -1.76000000000001, -2.11, 9.24, 2.97, -4.56, 
8.18, -3.49, 9, -2.5, -5.52, -2.75, 2.25, -8.09, -9.29, 3.36)
"21","Mana","Labour Party",53.06,"Labour Party",48.61,TRUE,-4.45,"Labour Party",54.81,TRUE,6.2,"Labour Party",59.36,TRUE,c(-0.590000000000003, 0.359999999999999, -2.27, 1.71, 6.34999999999999, -4.17, -3.63, 10.38, 5.52, -5.68, 4.14, -0.25, -3.93, -0.280000000000001, 10, -9.06999999999999, -0.950000000000003, 4.08000000000001, -11.48, -1.04000000000001, 4.55, -1.73, 4.55, -4.37, 5.77, -1.26000000000001, 11.51, -12.68, -3.84, -5.83, -2.65, -4.25, -14.44, 3.88, 3.01000000000001, 8.87, 7.45, -13.68, 2.98999999999999, -0.269999999999996, 2.51000000000001, -2.97000000000001, -3.75, -1.76000000000001, -2.11, 9.24, 2.97, -4.56, 
8.18, -3.49, 9, -2.5, -5.52, -2.75, 2.25, -8.09, -9.29, 3.36)
"22","Manukau East","Labour Party",66.08,"Labour Party",77.11,TRUE,11.03,"Labour Party",69.54,TRUE,-7.56999999999999,"Labour Party",67.81,TRUE,c(-0.590000000000003, 0.359999999999999, -2.27, 1.71, 6.34999999999999, -4.17, -3.63, 10.38, 5.52, -5.68, 4.14, -0.25, -3.93, -0.280000000000001, 10, -9.06999999999999, -0.950000000000003, 4.08000000000001, -11.48, -1.04000000000001, 4.55, -1.73, 4.55, -4.37, 5.77, -1.26000000000001, 11.51, -12.68, -3.84, -5.83, -2.65, -4.25, -14.44, 3.88, 3.01000000000001, 8.87, 7.45, -13.68, 2.98999999999999, -0.269999999999996, 2.51000000000001, -2.97000000000001, -3.75, -1.76000000000001, -2.11, 9.24, 2.97, -4.56, 
8.18, -3.49, 9, -2.5, -5.52, -2.75, 2.25, -8.09, -9.29, 3.36)
"23","Manurewa","Labour Party",53.96,"Labour Party",63.27,TRUE,9.31,"Labour Party",54.23,TRUE,-9.04000000000001,"Labour Party",58.78,TRUE,c(-0.590000000000003, 0.359999999999999, -2.27, 1.71, 6.34999999999999, -4.17, -3.63, 10.38, 5.52, -5.68, 4.14, -0.25, -3.93, -0.280000000000001, 10, -9.06999999999999, -0.950000000000003, 4.08000000000001, -11.48, -1.04000000000001, 4.55, -1.73, 4.55, -4.37, 5.77, -1.26000000000001, 11.51, -12.68, -3.84, -5.83, -2.65, -4.25, -14.44, 3.88, 3.01000000000001, 8.87, 7.45, -13.68, 2.98999999999999, -0.269999999999996, 2.51000000000001, -2.97000000000001, -3.75, -1.76000000000001, -2.11, 9.24, 2.97, -4.56, 
8.18, -3.49, 9, -2.5, -5.52, -2.75, 2.25, -8.09, -9.29, 3.36)
"24","Maungakiekie","National Party",45.55,"National Party",49.88,TRUE,4.33000000000001,"National Party",48.38,TRUE,-1.5,"National Party",44.01,TRUE,c(-0.590000000000003, 0.359999999999999, -2.27, 1.71, 6.34999999999999, -4.17, -3.63, 10.38, 5.52, -5.68, 4.14, -0.25, -3.93, -0.280000000000001, 10, -9.06999999999999, -0.950000000000003, 4.08000000000001, -11.48, -1.04000000000001, 4.55, -1.73, 4.55, -4.37, 5.77, -1.26000000000001, 11.51, -12.68, -3.84, -5.83, -2.65, -4.25, -14.44, 3.88, 3.01000000000001, 8.87, 7.45, -13.68, 2.98999999999999, -0.269999999999996, 2.51000000000001, -2.97000000000001, -3.75, -1.76000000000001, -2.11, 9.24, 2.97, -4.56, 
8.18, -3.49, 9, -2.5, -5.52, -2.75, 2.25, -8.09, -9.29, 3.36)
"25","Mt Albert","Labour Party",59.29,"Labour Party",59.19,TRUE,-0.100000000000001,"Labour Party",58.71,TRUE,-0.479999999999997,"Labour Party",64.48,TRUE,c(-0.590000000000003, 0.359999999999999, -2.27, 1.71, 6.34999999999999, -4.17, -3.63, 10.38, 5.52, -5.68, 4.14, -0.25, -3.93, -0.280000000000001, 10, -9.06999999999999, -0.950000000000003, 4.08000000000001, -11.48, -1.04000000000001, 4.55, -1.73, 4.55, -4.37, 5.77, -1.26000000000001, 11.51, -12.68, -3.84, -5.83, -2.65, -4.25, -14.44, 3.88, 3.01000000000001, 8.87, 7.45, -13.68, 2.98999999999999, -0.269999999999996, 2.51000000000001, -2.97000000000001, -3.75, -1.76000000000001, -2.11, 9.24, 2.97, -4.56, 
8.18, -3.49, 9, -2.5, -5.52, -2.75, 2.25, -8.09, -9.29, 3.36)
"26","Mt Roskill","Labour Party",55.8,"Labour Party",57.15,TRUE,1.35,"Labour Party",56.52,TRUE,-0.629999999999995,"Labour Party",55.26,TRUE,c(-0.590000000000003, 0.359999999999999, -2.27, 1.71, 6.34999999999999, -4.17, -3.63, 10.38, 5.52, -5.68, 4.14, -0.25, -3.93, -0.280000000000001, 10, -9.06999999999999, -0.950000000000003, 4.08000000000001, -11.48, -1.04000000000001, 4.55, -1.73, 4.55, -4.37, 5.77, -1.26000000000001, 11.51, -12.68, -3.84, -5.83, -2.65, -4.25, -14.44, 3.88, 3.01000000000001, 8.87, 7.45, -13.68, 2.98999999999999, -0.269999999999996, 2.51000000000001, -2.97000000000001, -3.75, -1.76000000000001, -2.11, 9.24, 2.97, -4.56, 
8.18, -3.49, 9, -2.5, -5.52, -2.75, 2.25, -8.09, -9.29, 3.36)
"27","Napier","National Party",59.7,"National Party",52.11,TRUE,-7.59,"Labour Party",42.72,FALSE,-9.39,"Labour Party",54.23,TRUE,c(-0.590000000000003, 0.359999999999999, -2.27, 1.71, 6.34999999999999, -4.17, -3.63, 10.38, 5.52, -5.68, 4.14, -0.25, -3.93, -0.280000000000001, 10, -9.06999999999999, -0.950000000000003, 4.08000000000001, -11.48, -1.04000000000001, 4.55, -1.73, 4.55, -4.37, 5.77, -1.26000000000001, 11.51, -12.68, -3.84, -5.83, -2.65, -4.25, -14.44, 3.88, 3.01000000000001, 8.87, 7.45, -13.68, 2.98999999999999, -0.269999999999996, 2.51000000000001, -2.97000000000001, -3.75, -1.76000000000001, -2.11, 9.24, 2.97, -4.56, 
8.18, -3.49, 9, -2.5, -5.52, -2.75, 2.25, -8.09, -9.29, 3.36)
"28","Nelson","National Party",57.13,"National Party",53.14,TRUE,-3.99,"National Party",53.37,TRUE,0.229999999999997,"National Party",40.69,TRUE,c(-0.590000000000003, 0.359999999999999, -2.27, 1.71, 6.34999999999999, -4.17, -3.63, 10.38, 5.52, -5.68, 4.14, -0.25, -3.93, -0.280000000000001, 10, -9.06999999999999, -0.950000000000003, 4.08000000000001, -11.48, -1.04000000000001, 4.55, -1.73, 4.55, -4.37, 5.77, -1.26000000000001, 11.51, -12.68, -3.84, -5.83, -2.65, -4.25, -14.44, 3.88, 3.01000000000001, 8.87, 7.45, -13.68, 2.98999999999999, -0.269999999999996, 2.51000000000001, -2.97000000000001, -3.75, -1.76000000000001, -2.11, 9.24, 2.97, -4.56, 
8.18, -3.49, 9, -2.5, -5.52, -2.75, 2.25, -8.09, -9.29, 3.36)
"29","New Lynn","Labour Party",50.35,"Labour Party",52.14,TRUE,1.79,"Labour Party",50.89,TRUE,-1.25,"Labour Party",47.05,TRUE,c(-0.590000000000003, 0.359999999999999, -2.27, 1.71, 6.34999999999999, -4.17, -3.63, 10.38, 5.52, -5.68, 4.14, -0.25, -3.93, -0.280000000000001, 10, -9.06999999999999, -0.950000000000003, 4.08000000000001, -11.48, -1.04000000000001, 4.55, -1.73, 4.55, -4.37, 5.77, -1.26000000000001, 11.51, -12.68, -3.84, -5.83, -2.65, -4.25, -14.44, 3.88, 3.01000000000001, 8.87, 7.45, -13.68, 2.98999999999999, -0.269999999999996, 2.51000000000001, -2.97000000000001, -3.75, -1.76000000000001, -2.11, 9.24, 2.97, -4.56, 
8.18, -3.49, 9, -2.5, -5.52, -2.75, 2.25, -8.09, -9.29, 3.36)
"30","New Plymouth","National Party",48.18,"National Party",53.31,TRUE,5.13,"National Party",58.42,TRUE,5.11,"National Party",52.59,TRUE,c(-0.590000000000003, 0.359999999999999, -2.27, 1.71, 6.34999999999999, -4.17, -3.63, 10.38, 5.52, -5.68, 4.14, -0.25, -3.93, -0.280000000000001, 10, -9.06999999999999, -0.950000000000003, 4.08000000000001, -11.48, -1.04000000000001, 4.55, -1.73, 4.55, -4.37, 5.77, -1.26000000000001, 11.51, -12.68, -3.84, -5.83, -2.65, -4.25, -14.44, 3.88, 3.01000000000001, 8.87, 7.45, -13.68, 2.98999999999999, -0.269999999999996, 2.51000000000001, -2.97000000000001, -3.75, -1.76000000000001, -2.11, 9.24, 2.97, -4.56, 
8.18, -3.49, 9, -2.5, -5.52, -2.75, 2.25, -8.09, -9.29, 3.36)
"31","North Shore","National Party",61.85,"National Party",62.44,TRUE,0.589999999999996,"National Party",63.15,TRUE,0.710000000000001,"National Party",60.5,TRUE,c(-0.590000000000003, 0.359999999999999, -2.27, 1.71, 6.34999999999999, -4.17, -3.63, 10.38, 5.52, -5.68, 4.14, -0.25, -3.93, -0.280000000000001, 10, -9.06999999999999, -0.950000000000003, 4.08000000000001, -11.48, -1.04000000000001, 4.55, -1.73, 4.55, -4.37, 5.77, -1.26000000000001, 11.51, -12.68, -3.84, -5.83, -2.65, -4.25, -14.44, 3.88, 3.01000000000001, 8.87, 7.45, -13.68, 2.98999999999999, -0.269999999999996, 2.51000000000001, -2.97000000000001, -3.75, -1.76000000000001, -2.11, 9.24, 2.97, -4.56, 
8.18, -3.49, 9, -2.5, -5.52, -2.75, 2.25, -8.09, -9.29, 3.36)
"32","Northcote","National Party",57.87,"National Party",58.46,TRUE,0.590000000000003,"National Party",57.02,TRUE,-1.44,"National Party",52.77,TRUE,c(-0.590000000000003, 0.359999999999999, -2.27, 1.71, 6.34999999999999, -4.17, -3.63, 10.38, 5.52, -5.68, 4.14, -0.25, -3.93, -0.280000000000001, 10, -9.06999999999999, -0.950000000000003, 4.08000000000001, -11.48, -1.04000000000001, 4.55, -1.73, 4.55, -4.37, 5.77, -1.26000000000001, 11.51, -12.68, -3.84, -5.83, -2.65, -4.25, -14.44, 3.88, 3.01000000000001, 8.87, 7.45, -13.68, 2.98999999999999, -0.269999999999996, 2.51000000000001, -2.97000000000001, -3.75, -1.76000000000001, -2.11, 9.24, 2.97, -4.56, 
8.18, -3.49, 9, -2.5, -5.52, -2.75, 2.25, -8.09, -9.29, 3.36)
"33","Northland","National Party",59.14,"National Party",57.55,TRUE,-1.59,"National Party",52.74,TRUE,-4.81,"National Party",38.3,TRUE,c(-0.590000000000003, 0.359999999999999, -2.27, 1.71, 6.34999999999999, -4.17, -3.63, 10.38, 5.52, -5.68, 4.14, -0.25, -3.93, -0.280000000000001, 10, -9.06999999999999, -0.950000000000003, 4.08000000000001, -11.48, -1.04000000000001, 4.55, -1.73, 4.55, -4.37, 5.77, -1.26000000000001, 11.51, -12.68, -3.84, -5.83, -2.65, -4.25, -14.44, 3.88, 3.01000000000001, 8.87, 7.45, -13.68, 2.98999999999999, -0.269999999999996, 2.51000000000001, -2.97000000000001, -3.75, -1.76000000000001, -2.11, 9.24, 2.97, -4.56, 
8.18, -3.49, 9, -2.5, -5.52, -2.75, 2.25, -8.09, -9.29, 3.36)
"34","Pakuranga","National Party",61.58,"National Party",65.86,TRUE,4.28,"National Party",61.03,TRUE,-4.83,"National Party",64.91,TRUE,c(-0.590000000000003, 0.359999999999999, -2.27, 1.71, 6.34999999999999, -4.17, -3.63, 10.38, 5.52, -5.68, 4.14, -0.25, -3.93, -0.280000000000001, 10, -9.06999999999999, -0.950000000000003, 4.08000000000001, -11.48, -1.04000000000001, 4.55, -1.73, 4.55, -4.37, 5.77, -1.26000000000001, 11.51, -12.68, -3.84, -5.83, -2.65, -4.25, -14.44, 3.88, 3.01000000000001, 8.87, 7.45, -13.68, 2.98999999999999, -0.269999999999996, 2.51000000000001, -2.97000000000001, -3.75, -1.76000000000001, -2.11, 9.24, 2.97, -4.56, 
8.18, -3.49, 9, -2.5, -5.52, -2.75, 2.25, -8.09, -9.29, 3.36)
"35","Palmerston North","Labour Party",46.82,"Labour Party",51.32,TRUE,4.5,"Labour Party",50.08,TRUE,-1.24,"Labour Party",53.09,TRUE,c(-0.590000000000003, 0.359999999999999, -2.27, 1.71, 6.34999999999999, -4.17, -3.63, 10.38, 5.52, -5.68, 4.14, -0.25, -3.93, -0.280000000000001, 10, -9.06999999999999, -0.950000000000003, 4.08000000000001, -11.48, -1.04000000000001, 4.55, -1.73, 4.55, -4.37, 5.77, -1.26000000000001, 11.51, -12.68, -3.84, -5.83, -2.65, -4.25, -14.44, 3.88, 3.01000000000001, 8.87, 7.45, -13.68, 2.98999999999999, -0.269999999999996, 2.51000000000001, -2.97000000000001, -3.75, -1.76000000000001, -2.11, 9.24, 2.97, -4.56, 
8.18, -3.49, 9, -2.5, -5.52, -2.75, 2.25, -8.09, -9.29, 3.36)
"36","Papakura","National Party",59.68,"National Party",59.59,TRUE,-0.0899999999999963,"National Party",46.76,TRUE,-12.83,"National Party",55.63,TRUE,c(-0.590000000000003, 0.359999999999999, -2.27, 1.71, 6.34999999999999, -4.17, -3.63, 10.38, 5.52, -5.68, 4.14, -0.25, -3.93, -0.280000000000001, 10, -9.06999999999999, -0.950000000000003, 4.08000000000001, -11.48, -1.04000000000001, 4.55, -1.73, 4.55, -4.37, 5.77, -1.26000000000001, 11.51, -12.68, -3.84, -5.83, -2.65, -4.25, -14.44, 3.88, 3.01000000000001, 8.87, 7.45, -13.68, 2.98999999999999, -0.269999999999996, 2.51000000000001, -2.97000000000001, -3.75, -1.76000000000001, -2.11, 9.24, 2.97, -4.56, 
8.18, -3.49, 9, -2.5, -5.52, -2.75, 2.25, -8.09, -9.29, 3.36)
"37","Port Hills","Labour Party",46.72,"Labour Party",48.41,TRUE,1.69,"Labour Party",46.44,TRUE,-1.97,"Labour Party",53.89,TRUE,c(-0.590000000000003, 0.359999999999999, -2.27, 1.71, 6.34999999999999, -4.17, -3.63, 10.38, 5.52, -5.68, 4.14, -0.25, -3.93, -0.280000000000001, 10, -9.06999999999999, -0.950000000000003, 4.08000000000001, -11.48, -1.04000000000001, 4.55, -1.73, 4.55, -4.37, 5.77, -1.26000000000001, 11.51, -12.68, -3.84, -5.83, -2.65, -4.25, -14.44, 3.88, 3.01000000000001, 8.87, 7.45, -13.68, 2.98999999999999, -0.269999999999996, 2.51000000000001, -2.97000000000001, -3.75, -1.76000000000001, -2.11, 9.24, 2.97, -4.56, 
8.18, -3.49, 9, -2.5, -5.52, -2.75, 2.25, -8.09, -9.29, 3.36)
"38","Rangitata","National Party",57.86,"National Party",55.77,TRUE,-2.09,"National Party",67.24,TRUE,11.47,"National Party",53.56,TRUE,c(-0.590000000000003, 0.359999999999999, -2.27, 1.71, 6.34999999999999, -4.17, -3.63, 10.38, 5.52, -5.68, 4.14, -0.25, -3.93, -0.280000000000001, 10, -9.06999999999999, -0.950000000000003, 4.08000000000001, -11.48, -1.04000000000001, 4.55, -1.73, 4.55, -4.37, 5.77, -1.26000000000001, 11.51, -12.68, -3.84, -5.83, -2.65, -4.25, -14.44, 3.88, 3.01000000000001, 8.87, 7.45, -13.68, 2.98999999999999, -0.269999999999996, 2.51000000000001, -2.97000000000001, -3.75, -1.76000000000001, -2.11, 9.24, 2.97, -4.56, 
8.18, -3.49, 9, -2.5, -5.52, -2.75, 2.25, -8.09, -9.29, 3.36)
"39","Rimutaka","Labour Party",39.27,"Labour Party",51.58,TRUE,12.31,"Labour Party",52.99,TRUE,1.41,"Labour Party",55.98,TRUE,c(-0.590000000000003, 0.359999999999999, -2.27, 1.71, 6.34999999999999, -4.17, -3.63, 10.38, 5.52, -5.68, 4.14, -0.25, -3.93, -0.280000000000001, 10, -9.06999999999999, -0.950000000000003, 4.08000000000001, -11.48, -1.04000000000001, 4.55, -1.73, 4.55, -4.37, 5.77, -1.26000000000001, 11.51, -12.68, -3.84, -5.83, -2.65, -4.25, -14.44, 3.88, 3.01000000000001, 8.87, 7.45, -13.68, 2.98999999999999, -0.269999999999996, 2.51000000000001, -2.97000000000001, -3.75, -1.76000000000001, -2.11, 9.24, 2.97, -4.56, 
8.18, -3.49, 9, -2.5, -5.52, -2.75, 2.25, -8.09, -9.29, 3.36)
"40","Rodney","National Party",60.41,"National Party",53.54,TRUE,-6.87,"National Party",63.41,TRUE,9.87,"National Party",63.14,TRUE,c(-0.590000000000003, 0.359999999999999, -2.27, 1.71, 6.34999999999999, -4.17, -3.63, 10.38, 5.52, -5.68, 4.14, -0.25, -3.93, -0.280000000000001, 10, -9.06999999999999, -0.950000000000003, 4.08000000000001, -11.48, -1.04000000000001, 4.55, -1.73, 4.55, -4.37, 5.77, -1.26000000000001, 11.51, -12.68, -3.84, -5.83, -2.65, -4.25, -14.44, 3.88, 3.01000000000001, 8.87, 7.45, -13.68, 2.98999999999999, -0.269999999999996, 2.51000000000001, -2.97000000000001, -3.75, -1.76000000000001, -2.11, 9.24, 2.97, -4.56, 
8.18, -3.49, 9, -2.5, -5.52, -2.75, 2.25, -8.09, -9.29, 3.36)
"41","Rongotai","Labour Party",52.45,"Labour Party",50.52,TRUE,-1.93,"Labour Party",49.83,TRUE,-0.690000000000005,"Labour Party",52.34,TRUE,c(-0.590000000000003, 0.359999999999999, -2.27, 1.71, 6.34999999999999, -4.17, -3.63, 10.38, 5.52, -5.68, 4.14, -0.25, -3.93, -0.280000000000001, 10, -9.06999999999999, -0.950000000000003, 4.08000000000001, -11.48, -1.04000000000001, 4.55, -1.73, 4.55, -4.37, 5.77, -1.26000000000001, 11.51, -12.68, -3.84, -5.83, -2.65, -4.25, -14.44, 3.88, 3.01000000000001, 8.87, 7.45, -13.68, 2.98999999999999, -0.269999999999996, 2.51000000000001, -2.97000000000001, -3.75, -1.76000000000001, -2.11, 9.24, 2.97, -4.56, 
8.18, -3.49, 9, -2.5, -5.52, -2.75, 2.25, -8.09, -9.29, 3.36)
"42","Rotorua","National Party",53.91,"National Party",56.17,TRUE,2.26000000000001,"National Party",56.34,TRUE,0.170000000000002,"National Party",53.37,TRUE,c(-0.590000000000003, 0.359999999999999, -2.27, 1.71, 6.34999999999999, -4.17, -3.63, 10.38, 5.52, -5.68, 4.14, -0.25, -3.93, -0.280000000000001, 10, -9.06999999999999, -0.950000000000003, 4.08000000000001, -11.48, -1.04000000000001, 4.55, -1.73, 4.55, -4.37, 5.77, -1.26000000000001, 11.51, -12.68, -3.84, -5.83, -2.65, -4.25, -14.44, 3.88, 3.01000000000001, 8.87, 7.45, -13.68, 2.98999999999999, -0.269999999999996, 2.51000000000001, -2.97000000000001, -3.75, -1.76000000000001, -2.11, 9.24, 2.97, -4.56, 
8.18, -3.49, 9, -2.5, -5.52, -2.75, 2.25, -8.09, -9.29, 3.36)
"43","Selwyn","National Party",60.49,"National Party",69.14,TRUE,8.65,"National Party",69.97,TRUE,0.829999999999998,"National Party",66.22,TRUE,c(-0.590000000000003, 0.359999999999999, -2.27, 1.71, 6.34999999999999, -4.17, -3.63, 10.38, 5.52, -5.68, 4.14, -0.25, -3.93, -0.280000000000001, 10, -9.06999999999999, -0.950000000000003, 4.08000000000001, -11.48, -1.04000000000001, 4.55, -1.73, 4.55, -4.37, 5.77, -1.26000000000001, 11.51, -12.68, -3.84, -5.83, -2.65, -4.25, -14.44, 3.88, 3.01000000000001, 8.87, 7.45, -13.68, 2.98999999999999, -0.269999999999996, 2.51000000000001, -2.97000000000001, -3.75, -1.76000000000001, -2.11, 9.24, 2.97, -4.56, 
8.18, -3.49, 9, -2.5, -5.52, -2.75, 2.25, -8.09, -9.29, 3.36)
"44","Taranaki-King Country","National Party",68.67,"National Party",69.65,TRUE,0.980000000000004,"National Party",68.17,TRUE,-1.48,"National Party",66.41,TRUE,c(-0.590000000000003, 0.359999999999999, -2.27, 1.71, 6.34999999999999, -4.17, -3.63, 10.38, 5.52, -5.68, 4.14, -0.25, -3.93, -0.280000000000001, 10, -9.06999999999999, -0.950000000000003, 4.08000000000001, -11.48, -1.04000000000001, 4.55, -1.73, 4.55, -4.37, 5.77, -1.26000000000001, 11.51, -12.68, -3.84, -5.83, -2.65, -4.25, -14.44, 3.88, 3.01000000000001, 8.87, 7.45, -13.68, 2.98999999999999, -0.269999999999996, 2.51000000000001, -2.97000000000001, -3.75, -1.76000000000001, -2.11, 9.24, 2.97, -4.56, 
8.18, -3.49, 9, -2.5, -5.52, -2.75, 2.25, -8.09, -9.29, 3.36)
"45","Tauranga","National Party",56.81,"National Party",61.4,TRUE,4.59,"National Party",56.88,TRUE,-4.52,"National Party",54.77,TRUE,c(-0.590000000000003, 0.359999999999999, -2.27, 1.71, 6.34999999999999, -4.17, -3.63, 10.38, 5.52, -5.68, 4.14, -0.25, -3.93, -0.280000000000001, 10, -9.06999999999999, -0.950000000000003, 4.08000000000001, -11.48, -1.04000000000001, 4.55, -1.73, 4.55, -4.37, 5.77, -1.26000000000001, 11.51, -12.68, -3.84, -5.83, -2.65, -4.25, -14.44, 3.88, 3.01000000000001, 8.87, 7.45, -13.68, 2.98999999999999, -0.269999999999996, 2.51000000000001, -2.97000000000001, -3.75, -1.76000000000001, -2.11, 9.24, 2.97, -4.56, 
8.18, -3.49, 9, -2.5, -5.52, -2.75, 2.25, -8.09, -9.29, 3.36)
"46","Te Tai Tokerau","Maori Party",61.95,"Mana",43.31,FALSE,-18.64,"Labour Party",44.73,FALSE,1.41999999999999,"Labour Party",53.97,TRUE,c(-0.590000000000003, 0.359999999999999, -2.27, 1.71, 6.34999999999999, -4.17, -3.63, 10.38, 5.52, -5.68, 4.14, -0.25, -3.93, -0.280000000000001, 10, -9.06999999999999, -0.950000000000003, 4.08000000000001, -11.48, -1.04000000000001, 4.55, -1.73, 4.55, -4.37, 5.77, -1.26000000000001, 11.51, -12.68, -3.84, -5.83, -2.65, -4.25, -14.44, 3.88, 3.01000000000001, 8.87, 7.45, -13.68, 2.98999999999999, -0.269999999999996, 2.51000000000001, -2.97000000000001, -3.75, -1.76000000000001, -2.11, 9.24, 2.97, -4.56, 
8.18, -3.49, 9, -2.5, -5.52, -2.75, 2.25, -8.09, -9.29, 3.36)
"47","Te Tai Tonga","Maori Party",47.3,"Labour Party",40.62,FALSE,-6.68,"Labour Party",42.92,TRUE,2.3,"Labour Party",45.89,TRUE,c(-0.590000000000003, 0.359999999999999, -2.27, 1.71, 6.34999999999999, -4.17, -3.63, 10.38, 5.52, -5.68, 4.14, -0.25, -3.93, -0.280000000000001, 10, -9.06999999999999, -0.950000000000003, 4.08000000000001, -11.48, -1.04000000000001, 4.55, -1.73, 4.55, -4.37, 5.77, -1.26000000000001, 11.51, -12.68, -3.84, -5.83, -2.65, -4.25, -14.44, 3.88, 3.01000000000001, 8.87, 7.45, -13.68, 2.98999999999999, -0.269999999999996, 2.51000000000001, -2.97000000000001, -3.75, -1.76000000000001, -2.11, 9.24, 2.97, -4.56, 
8.18, -3.49, 9, -2.5, -5.52, -2.75, 2.25, -8.09, -9.29, 3.36)
"48","Tukituki","National Party",57.18,"National Party",58.42,TRUE,1.24,"National Party",52.55,TRUE,-5.87,"National Party",47.99,TRUE,c(-0.590000000000003, 0.359999999999999, -2.27, 1.71, 6.34999999999999, -4.17, -3.63, 10.38, 5.52, -5.68, 4.14, -0.25, -3.93, -0.280000000000001, 10, -9.06999999999999, -0.950000000000003, 4.08000000000001, -11.48, -1.04000000000001, 4.55, -1.73, 4.55, -4.37, 5.77, -1.26000000000001, 11.51, -12.68, -3.84, -5.83, -2.65, -4.25, -14.44, 3.88, 3.01000000000001, 8.87, 7.45, -13.68, 2.98999999999999, -0.269999999999996, 2.51000000000001, -2.97000000000001, -3.75, -1.76000000000001, -2.11, 9.24, 2.97, -4.56, 
8.18, -3.49, 9, -2.5, -5.52, -2.75, 2.25, -8.09, -9.29, 3.36)
"49","Waiariki","Maori Party",68.17,"Māori Party",43.05,FALSE,-25.12,"Māori Party",45.56,TRUE,2.51000000000001,"Labour Party",53.74,FALSE,c(-0.590000000000003, 0.359999999999999, -2.27, 1.71, 6.34999999999999, -4.17, -3.63, 10.38, 5.52, -5.68, 4.14, -0.25, -3.93, -0.280000000000001, 10, -9.06999999999999, -0.950000000000003, 4.08000000000001, -11.48, -1.04000000000001, 4.55, -1.73, 4.55, -4.37, 5.77, -1.26000000000001, 11.51, -12.68, -3.84, -5.83, -2.65, -4.25, -14.44, 3.88, 3.01000000000001, 8.87, 7.45, -13.68, 2.98999999999999, -0.269999999999996, 2.51000000000001, -2.97000000000001, -3.75, -1.76000000000001, -2.11, 9.24, 2.97, -4.56, 
8.18, -3.49, 9, -2.5, -5.52, -2.75, 2.25, -8.09, -9.29, 3.36)
"50","Waikato","National Party",63.44,"National Party",64.9,TRUE,1.46000000000001,"National Party",65.67,TRUE,0.769999999999996,"National Party",62.18,TRUE,c(-0.590000000000003, 0.359999999999999, -2.27, 1.71, 6.34999999999999, -4.17, -3.63, 10.38, 5.52, -5.68, 4.14, -0.25, -3.93, -0.280000000000001, 10, -9.06999999999999, -0.950000000000003, 4.08000000000001, -11.48, -1.04000000000001, 4.55, -1.73, 4.55, -4.37, 5.77, -1.26000000000001, 11.51, -12.68, -3.84, -5.83, -2.65, -4.25, -14.44, 3.88, 3.01000000000001, 8.87, 7.45, -13.68, 2.98999999999999, -0.269999999999996, 2.51000000000001, -2.97000000000001, -3.75, -1.76000000000001, -2.11, 9.24, 2.97, -4.56, 
8.18, -3.49, 9, -2.5, -5.52, -2.75, 2.25, -8.09, -9.29, 3.36)
"51","Waimakariri","Labour Party",44.09,"National Party",47.28,FALSE,3.19,"National Party",48.6,TRUE,1.32,"National Party",57.6,TRUE,c(-0.590000000000003, 0.359999999999999, -2.27, 1.71, 6.34999999999999, -4.17, -3.63, 10.38, 5.52, -5.68, 4.14, -0.25, -3.93, -0.280000000000001, 10, -9.06999999999999, -0.950000000000003, 4.08000000000001, -11.48, -1.04000000000001, 4.55, -1.73, 4.55, -4.37, 5.77, -1.26000000000001, 11.51, -12.68, -3.84, -5.83, -2.65, -4.25, -14.44, 3.88, 3.01000000000001, 8.87, 7.45, -13.68, 2.98999999999999, -0.269999999999996, 2.51000000000001, -2.97000000000001, -3.75, -1.76000000000001, -2.11, 9.24, 2.97, -4.56, 
8.18, -3.49, 9, -2.5, -5.52, -2.75, 2.25, -8.09, -9.29, 3.36)
"52","Wairarapa","National Party",51.02,"National Party",52.65,TRUE,1.63,"National Party",43.9,TRUE,-8.75,"National Party",41.4,TRUE,c(-0.590000000000003, 0.359999999999999, -2.27, 1.71, 6.34999999999999, -4.17, -3.63, 10.38, 5.52, -5.68, 4.14, -0.25, -3.93, -0.280000000000001, 10, -9.06999999999999, -0.950000000000003, 4.08000000000001, -11.48, -1.04000000000001, 4.55, -1.73, 4.55, -4.37, 5.77, -1.26000000000001, 11.51, -12.68, -3.84, -5.83, -2.65, -4.25, -14.44, 3.88, 3.01000000000001, 8.87, 7.45, -13.68, 2.98999999999999, -0.269999999999996, 2.51000000000001, -2.97000000000001, -3.75, -1.76000000000001, -2.11, 9.24, 2.97, -4.56, 
8.18, -3.49, 9, -2.5, -5.52, -2.75, 2.25, -8.09, -9.29, 3.36)
"53","Waitaki","National Party",60.13,"National Party",61.45,TRUE,1.32,"National Party",62.98,TRUE,1.52999999999999,"National Party",57.46,TRUE,c(-0.590000000000003, 0.359999999999999, -2.27, 1.71, 6.34999999999999, -4.17, -3.63, 10.38, 5.52, -5.68, 4.14, -0.25, -3.93, -0.280000000000001, 10, -9.06999999999999, -0.950000000000003, 4.08000000000001, -11.48, -1.04000000000001, 4.55, -1.73, 4.55, -4.37, 5.77, -1.26000000000001, 11.51, -12.68, -3.84, -5.83, -2.65, -4.25, -14.44, 3.88, 3.01000000000001, 8.87, 7.45, -13.68, 2.98999999999999, -0.269999999999996, 2.51000000000001, -2.97000000000001, -3.75, -1.76000000000001, -2.11, 9.24, 2.97, -4.56, 
8.18, -3.49, 9, -2.5, -5.52, -2.75, 2.25, -8.09, -9.29, 3.36)
"54","Wellington Central","Labour Party",42.18,"Labour Party",49.15,TRUE,6.97,"Labour Party",52.01,TRUE,2.86,"Labour Party",49.26,TRUE,c(-0.590000000000003, 0.359999999999999, -2.27, 1.71, 6.34999999999999, -4.17, -3.63, 10.38, 5.52, -5.68, 4.14, -0.25, -3.93, -0.280000000000001, 10, -9.06999999999999, -0.950000000000003, 4.08000000000001, -11.48, -1.04000000000001, 4.55, -1.73, 4.55, -4.37, 5.77, -1.26000000000001, 11.51, -12.68, -3.84, -5.83, -2.65, -4.25, -14.44, 3.88, 3.01000000000001, 8.87, 7.45, -13.68, 2.98999999999999, -0.269999999999996, 2.51000000000001, -2.97000000000001, -3.75, -1.76000000000001, -2.11, 9.24, 2.97, -4.56, 
8.18, -3.49, 9, -2.5, -5.52, -2.75, 2.25, -8.09, -9.29, 3.36)
"55","West Coast-Tasman","National Party",46.51,"Labour Party",47.51,FALSE,1,"Labour Party",47.29,TRUE,-0.219999999999999,"Labour Party",49.54,TRUE,c(-0.590000000000003, 0.359999999999999, -2.27, 1.71, 6.34999999999999, -4.17, -3.63, 10.38, 5.52, -5.68, 4.14, -0.25, -3.93, -0.280000000000001, 10, -9.06999999999999, -0.950000000000003, 4.08000000000001, -11.48, -1.04000000000001, 4.55, -1.73, 4.55, -4.37, 5.77, -1.26000000000001, 11.51, -12.68, -3.84, -5.83, -2.65, -4.25, -14.44, 3.88, 3.01000000000001, 8.87, 7.45, -13.68, 2.98999999999999, -0.269999999999996, 2.51000000000001, -2.97000000000001, -3.75, -1.76000000000001, -2.11, 9.24, 2.97, -4.56, 
8.18, -3.49, 9, -2.5, -5.52, -2.75, 2.25, -8.09, -9.29, 3.36)
"56","Whanganui","National Party",56.3,"National Party",53.69,TRUE,-2.61,"National Party",53.69,TRUE,0,"National Party",45.6,TRUE,c(-0.590000000000003, 0.359999999999999, -2.27, 1.71, 6.34999999999999, -4.17, -3.63, 10.38, 5.52, -5.68, 4.14, -0.25, -3.93, -0.280000000000001, 10, -9.06999999999999, -0.950000000000003, 4.08000000000001, -11.48, -1.04000000000001, 4.55, -1.73, 4.55, -4.37, 5.77, -1.26000000000001, 11.51, -12.68, -3.84, -5.83, -2.65, -4.25, -14.44, 3.88, 3.01000000000001, 8.87, 7.45, -13.68, 2.98999999999999, -0.269999999999996, 2.51000000000001, -2.97000000000001, -3.75, -1.76000000000001, -2.11, 9.24, 2.97, -4.56, 
8.18, -3.49, 9, -2.5, -5.52, -2.75, 2.25, -8.09, -9.29, 3.36)
"57","Whangarei","National Party",64.16,"National Party",59.18,TRUE,-4.98,"National Party",55.58,TRUE,-3.6,"National Party",46.29,TRUE,c(-0.590000000000003, 0.359999999999999, -2.27, 1.71, 6.34999999999999, -4.17, -3.63, 10.38, 5.52, -5.68, 4.14, -0.25, -3.93, -0.280000000000001, 10, -9.06999999999999, -0.950000000000003, 4.08000000000001, -11.48, -1.04000000000001, 4.55, -1.73, 4.55, -4.37, 5.77, -1.26000000000001, 11.51, -12.68, -3.84, -5.83, -2.65, -4.25, -14.44, 3.88, 3.01000000000001, 8.87, 7.45, -13.68, 2.98999999999999, -0.269999999999996, 2.51000000000001, -2.97000000000001, -3.75, -1.76000000000001, -2.11, 9.24, 2.97, -4.56, 
8.18, -3.49, 9, -2.5, -5.52, -2.75, 2.25, -8.09, -9.29, 3.36)
"58","Wigram","Jim Anderton's Progressive",44.5,"Labour Party",45.11,FALSE,0.609999999999999,"Labour Party",48.95,TRUE,3.84,"Labour Party",52.31,TRUE,c(-0.590000000000003, 0.359999999999999, -2.27, 1.71, 6.34999999999999, -4.17, -3.63, 10.38, 5.52, -5.68, 4.14, -0.25, -3.93, -0.280000000000001, 10, -9.06999999999999, -0.950000000000003, 4.08000000000001, -11.48, -1.04000000000001, 4.55, -1.73, 4.55, -4.37, 5.77, -1.26000000000001, 11.51, -12.68, -3.84, -5.83, -2.65, -4.25, -14.44, 3.88, 3.01000000000001, 8.87, 7.45, -13.68, 2.98999999999999, -0.269999999999996, 2.51000000000001, -2.97000000000001, -3.75, -1.76000000000001, -2.11, 9.24, 2.97, -4.56, 
8.18, -3.49, 9, -2.5, -5.52, -2.75, 2.25, -8.09, -9.29, 3.36)
